Run 1
MS Modes:
[[ 3.522647e-02  5.959357e+00]
 [-5.999730e+00 -7.448711e-03]
 [ 5.996987e+00 -6.140351e-03]
 [-3.309584e-03 -5.980903e+00]
 [-1.518109e-02 -1.240185e-03]]
MS MSE: 0.000721
DP Modes:
[[ 6.238337e+00  1.570701e-01]
 [ 6.501545e-02 -2.564355e-02]
 [ 1.312758e-01  6.132750e+00]
 [-5.890432e+00 -2.530355e-03]
 [ 1.256220e-01 -6.123706e+00]]
DP MSE: 0.032862

Run 2
MS Modes:
[[-3.309584e-03 -5.980903e+00]
 [ 5.996981e+00 -6.133052e-03]
 [-1.518109e-02 -1.240185e-03]
 [-6.000101e+00 -7.559407e-03]
 [ 3.520211e-02  5.959329e+00]]
MS MSE: 0.000721
DP Modes:
[[-0.048413 -5.853085]
 [ 0.04854   5.887454]
 [ 5.849927  0.295963]
 [ 0.009556 -0.010216]
 [-5.881679  0.058737]]
DP MSE: 0.033342

Run 3
MS Modes:
[[ 5.997031e+00 -6.157322e-03]
 [-1.518109e-02 -1.240185e-03]
 [ 3.522311e-02  5.959362e+00]
 [-3.309584e-03 -5.980903e+00]
 [-6.000295e+00 -7.912878e-03]]
MS MSE: 0.000722
DP Modes:
[[-5.961309  0.087091]
 [-0.200847  5.964298]
 [ 0.068636 -6.085723]
 [-0.010524  0.056764]
 [ 6.05122   0.058579]]
DP MSE: 0.014429

Run 4
MS Modes:
[[-3.309584e-03 -5.980903e+00]
 [ 5.996955e+00 -6.122562e-03]
 [-6.000028e+00 -7.502100e-03]
 [-1.518109e-02 -1.240185e-03]
 [ 3.521599e-02  5.959360e+00]]
MS MSE: 0.000720
DP Modes:
[[-1.353298e-01 -5.980233e+00]
 [ 5.983951e+00  5.573958e-02]
 [ 4.803816e-02 -5.429120e-02]
 [-2.195335e-03  5.977232e+00]
 [-5.944439e+00 -3.869480e-02]]
DP MSE: 0.006486

Run 5
MS Modes:
[[-3.309584e-03 -5.980903e+00]
 [ 5.996996e+00 -6.142232e-03]
 [-1.518109e-02 -1.240185e-03]
 [-6.000234e+00 -7.578044e-03]
 [ 3.521396e-02  5.959329e+00]]
MS MSE: 0.000721
DP Modes:
[[ 7.245947e-02 -6.010303e+00]
 [ 1.277889e-02  2.955608e-02]
 [ 5.819206e+00  2.575620e-03]
 [ 1.946420e-01  5.906386e+00]
 [-5.873493e+00  1.881797e-01]]
DP MSE: 0.027430

Run 6
MS Modes:
[[-1.518109e-02 -1.240185e-03]
 [ 3.519438e-02  5.959384e+00]
 [ 5.997002e+00 -6.131804e-03]
 [-3.309584e-03 -5.980903e+00]
 [-6.000742e+00 -7.871127e-03]]
MS MSE: 0.000721
DP Modes:
[[ 8.039938e-02 -6.117417e+00]
 [-6.508598e-02  5.986869e+00]
 [-4.388486e-02 -2.985994e-03]
 [-6.117592e+00 -2.947785e-01]
 [ 6.308442e+00 -1.113907e-01]]
DP MSE: 0.046972

Run 7
MS Modes:
[[-3.309584e-03 -5.980903e+00]
 [-1.518109e-02 -1.240185e-03]
 [-6.000009e+00 -7.784156e-03]
 [ 5.997011e+00 -6.149527e-03]
 [ 3.525538e-02  5.959330e+00]]
MS MSE: 0.000722
DP Modes:
[[ 0.109359  6.014067]
 [ 0.170071  0.031409]
 [ 5.943616  0.012199]
 [-6.021926 -0.318056]
 [-0.077805 -5.927961]]
DP MSE: 0.031656

Run 8
MS Modes:
[[ 3.515930e-02  5.959430e+00]
 [-1.518109e-02 -1.240185e-03]
 [ 5.997000e+00 -6.154021e-03]
 [-5.999471e+00 -7.760700e-03]
 [-3.309584e-03 -5.980903e+00]]
MS MSE: 0.000719
DP Modes:
[[ 0.02445  -0.046187]
 [ 0.011652 -5.712999]
 [ 0.209207  5.863741]
 [ 5.756418 -0.01949 ]
 [-6.084807 -0.122107]]
DP MSE: 0.045877

Run 9
MS Modes:
[[-1.518109e-02 -1.240185e-03]
 [ 5.996874e+00 -6.102341e-03]
 [-3.309584e-03 -5.980903e+00]
 [ 3.526788e-02  5.959331e+00]
 [-6.000886e+00 -8.317141e-03]]
MS MSE: 0.000724
DP Modes:
[[ 5.94612   0.250768]
 [ 0.009343 -0.030124]
 [-5.622173  0.013989]
 [-0.125473 -6.051162]
 [-0.080244  5.687392]]
DP MSE: 0.066451

Run 10
MS Modes:
[[-6.000636e+00 -7.802812e-03]
 [-3.309584e-03 -5.980903e+00]
 [ 3.521543e-02  5.959366e+00]
 [-1.518109e-02 -1.240185e-03]
 [ 5.996995e+00 -6.140059e-03]]
MS MSE: 0.000721
DP Modes:
[[-0.039434  0.010438]
 [ 0.151687  5.944778]
 [ 0.107588 -5.974224]
 [ 6.166141 -0.032144]
 [-5.937874 -0.027204]]
DP MSE: 0.014640

Run 11
MS Modes:
[[ 5.997013e+00 -6.139926e-03]
 [-1.518109e-02 -1.240185e-03]
 [-5.996986e+00 -6.664784e-03]
 [-3.309584e-03 -5.980903e+00]
 [ 3.526763e-02  5.959332e+00]]
MS MSE: 0.000721
DP Modes:
[[-0.027089 -0.0482  ]
 [ 0.174932  5.922479]
 [ 0.019603 -5.815931]
 [ 6.03031   0.141524]
 [-5.813514  0.189366]]
DP MSE: 0.033104

Run 12
MS Modes:
[[ 3.521710e-02  5.959390e+00]
 [-3.309584e-03 -5.980903e+00]
 [-5.999975e+00 -7.637548e-03]
 [-1.518109e-02 -1.240185e-03]
 [ 5.996974e+00 -6.131849e-03]]
MS MSE: 0.000720
DP Modes:
[[ 0.021895 -6.043182]
 [ 0.048691  0.019533]
 [-0.076044  5.992525]
 [ 5.900202 -0.085197]
 [-6.139345 -0.06131 ]]
DP MSE: 0.010266

Run 13
MS Modes:
[[ 3.520227e-02  5.959384e+00]
 [-1.518109e-02 -1.240185e-03]
 [-5.997786e+00 -7.200396e-03]
 [-3.309584e-03 -5.980903e+00]
 [ 5.997020e+00 -6.145050e-03]]
MS MSE: 0.000720
DP Modes:
[[ 1.539785e-01  6.248671e+00]
 [-2.272472e-03 -6.099558e+00]
 [-6.064538e+00 -5.630419e-02]
 [-4.772848e-02  1.324863e-01]
 [ 6.090488e+00  9.111025e-02]]
DP MSE: 0.027824

Run 14
MS Modes:
[[-3.309584e-03 -5.980903e+00]
 [-5.998897e+00 -7.341760e-03]
 [ 5.997014e+00 -6.150430e-03]
 [-1.518109e-02 -1.240185e-03]
 [ 3.522762e-02  5.959383e+00]]
MS MSE: 0.000720
DP Modes:
[[ 0.077085  0.031013]
 [ 0.104666 -6.008632]
 [ 6.045876  0.080043]
 [-6.042387  0.172455]
 [ 0.244038  6.052162]]
DP MSE: 0.024052

Run 15
MS Modes:
[[ 3.521706e-02  5.959387e+00]
 [ 5.996977e+00 -6.131578e-03]
 [-3.309584e-03 -5.980903e+00]
 [-5.999776e+00 -7.681775e-03]
 [-1.518109e-02 -1.240185e-03]]
MS MSE: 0.000721
DP Modes:
[[ 6.431969e-02 -5.945036e+00]
 [ 1.946306e-02  6.511532e-04]
 [ 6.233164e+00 -2.298127e-01]
 [ 3.383800e-02  5.929485e+00]
 [-6.026126e+00  1.150657e-02]]
DP MSE: 0.024330

Run 16
MS Modes:
[[-5.997512e+00 -7.075396e-03]
 [ 5.997018e+00 -6.159954e-03]
 [ 3.519607e-02  5.959368e+00]
 [-3.309584e-03 -5.980903e+00]
 [-1.518109e-02 -1.240185e-03]]
MS MSE: 0.000720
DP Modes:
[[ 5.801662  0.192099]
 [ 0.010953 -5.917231]
 [ 0.099466  5.940999]
 [-0.053662  0.041125]
 [-5.882018  0.073326]]
DP MSE: 0.024091

Run 17
MS Modes:
[[ 5.996933e+00 -6.136786e-03]
 [ 3.524016e-02  5.959370e+00]
 [-3.309584e-03 -5.980903e+00]
 [-1.518109e-02 -1.240185e-03]
 [-6.000004e+00 -7.624033e-03]]
MS MSE: 0.000721
DP Modes:
[[ 6.082208 -0.173091]
 [-0.138032 -0.083262]
 [ 0.011603 -6.038396]
 [ 0.007687  5.738994]
 [-5.982528  0.022544]]
DP MSE: 0.026662

Run 18
MS Modes:
[[ 5.997006e+00 -6.141133e-03]
 [ 3.526263e-02  5.959352e+00]
 [-1.518109e-02 -1.240185e-03]
 [-3.309584e-03 -5.980903e+00]
 [-5.999677e+00 -7.667263e-03]]
MS MSE: 0.000722
DP Modes:
[[ 5.985257 -0.00846 ]
 [-0.018568  0.119238]
 [ 0.05883  -5.852864]
 [ 0.076938  5.793901]
 [-5.949886 -0.050968]]
DP MSE: 0.018693

Run 19
MS Modes:
[[-1.518109e-02 -1.240185e-03]
 [ 5.997047e+00 -6.162344e-03]
 [-6.000352e+00 -7.776848e-03]
 [ 3.520475e-02  5.959408e+00]
 [-3.309584e-03 -5.980903e+00]]
MS MSE: 0.000720
DP Modes:
[[ 0.085202  5.690658]
 [-0.048214 -0.085366]
 [ 5.90677  -0.176011]
 [ 0.084093 -6.004775]
 [-5.720041 -0.165261]]
DP MSE: 0.053004

Run 20
MS Modes:
[[ 5.996958e+00 -6.117577e-03]
 [-1.518109e-02 -1.240185e-03]
 [-6.000558e+00 -7.975399e-03]
 [-3.309584e-03 -5.980903e+00]
 [ 3.522064e-02  5.959393e+00]]
MS MSE: 0.000722
DP Modes:
[[-6.184078  0.098744]
 [-0.062398 -5.868555]
 [-0.050768 -0.01445 ]
 [ 6.007552 -0.105391]
 [-0.029135  6.093092]]
DP MSE: 0.017654

